1571
54553
66583
700283
756617
761483
762041
770201
777088
777850
781314
791305
799681
813286
813286
818913
877151
902211
1017981
1831221
1977981
1981171
2149941
2188191
2340191
2550611
2686571
2974341
3015761
3250521
3281631
3343881
3349361
3352981
3382691
3398061
3451611
3457881
3648071
3823671
3979291
4031571
4101701
4299021
4509441
4954131
5092191
5092191
5173301
5442012
5500442
5542892
5721692
5779632
5803452
5833932
5848522
5849882
5889412
5917912
6111922
6111922
6187792
6277172
6346122
6403132
6425522
6577432
6578382
6638872
6677432
6744042
6753802
6773062
6800972
6878762
6878762
6941572
7257422
7281192
7463892
7600112
7747362
7831422
7932342
8092302
8231742
8258432
8258432
8509492
8628172
8845752
8931582
8979902
9038562
9151012
9303622
9532652
9815662
9957612
9957612
10123192
10217832
10310622
10457232
10499082
10546872
10701262
11143082
11279172
11550962
11563212
11571672
11593332
11595312
11829982
11888412
11977972
11977972
12080232
12451792
12475782
12481232
12646402
12646402
12671782
12710332
12770402
12772562
12773172
12843442
12869692
12869692
12916602
13000102
13000102
13104952
13230252
13230252
13289282
13289282
13299712
13302122
13322342
13361372
13367832
13395622
13398432
13492552
13778732
13965862
14059088
14070478
14083852
14108442
14112296
14120299
14136205
14143619
14157977
14191977
14212466
14212614
14213204
14213204
14232893
14236397
14240208
14242701
14257508
14267786
14271039
14278336
14298198
14326119
14328163
14333559
14348719
14358853
14378372
14378372
14409201
14420486
14428488
14436149
14478883
14489131
14497313
14502881
14506505
14550090
14560574
14579415
14579572
14614369
14618202
14631073
14665930
14689918
14696383
14697127
14700289
14701924
14717434
14738200
14753457
14760958
14794466
14799862
14802269
14817107
14838439
14886375
14893420
14921017
14922820
14949992
14952968
14973267
14974634
14997116
15004019
15007629
15027760
15066760
15081058
15104903
15111073
15112249
15137761
15146477
15147305
15161605
15174135
15182211
15202158
15202158
15227738
15240201
15248067
15261002
15282654
15304442
15305155
15308505
15321674
15321674
15329289
15329899
15344168
15347465
15347465
15360011
15386613
15445364
15449099
15458205
15475506
15485427
15492294
15494675
15514715
15522348
15524509
15556190
15576018
15601095
15605411
15618129
15635263
15635263
15635263
15635263
15635263
15635263
15635263
15635263
15635263
15635263
15635263
15635263
15635263
15635263
15635263
15635263
15635263
15635263
15635263
15635263
15635263
15635263
15635263
15635263
15635263
15635263
15635263
15635263
15635263
15635263
15635263
15635263
15635263
15635263
15635263
15635263
15635263
15635263
15654257
15660107
15683859
15685929
15704777
15742464
15742510
15794195
15804529
15814525
15846200
15851646
15905252
15930776
15931491
15950560
15964014
15965521
15979518
15999473
16016135
16032362
16037239
16085696
16105692
16107910
16119809
16129931
16134316
16138818
16145978
16146239
16170941
16177099
16194786
16212851
16217009
16227030
16250002
16268766
16299820
16299820
16317644
16317644
16344040
16345873
16378849
16399522
16400344
16432275
16479594
16480951
16486067
16506365
16526431
16530449
16536064
16547203
16567007
16579221
16579221
16579221
16584940
16629473
16643258
16648715
16671255
16679872
16724953
16738356
16755700
16790283
16796034
16802748
16837881
16868582
16877034
16886214
16886214
16886390
16895981
16909569
16929210
16949633
16952862
16970691
17002243
17002918
17007160
17010526
17042826
17046947
17088255
17089319
17089319
17089319
17089319
17092592
17093617
17109162
17181096
17198289
17219083
17219083
17247191
17251372
17268126
17278861
17284235
17341598
17372485
17393514
17393514
17458290
17474036
17487658
17489365
17493421
17496810
17520960
17532177
17558908
17588445
17592457
17601319
17620625
17636533
17655935
17680431
17682460
17692505
17692505
17698857
17699980
17702408
17703349
17718567
17739558
17747220
17756501
17795531
17804819
17810432
17810432
17852202
17858007
17883844
17890002
17906528
17911033
17916322
17936277
17947976
17974007
18041110
18042113
18050421
18055284
18066629
18073926
18086398
18123049
18149964
18160701
18171713
18176868
18181549
18181549
18210778
18211198
18217043
18230042
18233043
18241502
18245418
18253355
18256297
18267643
18290477
18300761
18318659
18319095
18320036
18322984
18322984
18322984
18365049
18411071
18415704
18430394
18433891
18442006
18464678
18530925
18539194
18540410
18559428
18569733
18575678
18607266
18663039
18663708
18677673
18690055
18752313
18776799
18840237
18840844
18875312
18887728
18894794
18906899
18915649
19009289
19036351
19081395
19120573
19123674
19124521
19149362
19169044
19171665
19195914
19279558
19321182
19376524
19405795
19524882
19557049
19565868
19569947
19659610
19683668
19700878
19725871
19780786
19799625
19830024
19845001
19875887
19959069
19994553
20048043
20048043
20048043
20080117
20082287
20188591
20275764
20292293
20314307
20344052
20408356
20414207
20479455
20482744
20547566
20552560
20556384
20659364
20671369
20697062
20697695
20706367
20714171
20750682
20787079
20794259
20796042
20944649
21117133
21140541
21230661
21230661
21230661
21230661
21230661
21237299
21313881
21323160
21340577
21352465
21367818
21429369
21450023
21451256
21458552
21492549
21522023
21535239
21543001
21620110
21715409
21726769
21731490
21735113
21756353
21808703
21889643
21948527
22042703
22159260
22256645
22256645
22336458
22364049
22364116
22434630
22493902
22550308
22589237
22602480
22711002
22807331
22833352
22877921
22960485
22964507
22968225
22996986
23019670
23063132
23088900
23112123
23128820
23138343
23163008
23171036
23171036
23187005
23351298
23503556
23533146
23542014
23559345
23713376
23839563
23879750
24204982
24283682
24425150
24426724
24492729
24587319
24596114
24596114
24631531
24662592
24667100
24723206
24814413
24856892
25023470
25025552
25027367
25205578
25240362
25246411
25363258
25576918
25596519
25598437
25654427
25742524
25816380
25974172
26030458
26039140
26044331
26088531
26088843
26124666
26124666
26283471
26294506
26371128
26375647
26395009
26457494
26507708
26572461
26668603
26690253
26696057
26704779
26785440
27089422
27090636
27304224
27550832
27575481
27575481
27743196
27756547
27758688
27760317
27871611
27959925
28136067
28214925
28363722
28368937
28370860
28373043
28382270
28471305
28502100
28630465
28632317
28689465
28777582
28847977
28870548
28902770
29033175
29108764
29171631
29187814
29187814
29187814
29187814
29275306
29276078
29277259
29277259
29295227
29307751
29315167
29370428
29370428
29470745
29471069
29471069
29486762
29548792
29551578
29556351
29639366
29647634
29723892
29767630
29834964
29860907
29866654
29936713
30335179
30348839
30494264
30505679
30608575
30610604
30858225
30916897
30923515
30957826
30985186
31032249
31039742
31066279
31240205
31244667
31310404
31360667
31371594
31425045
31427545
31465376
31554592
31602848
31616246
31676921
31953349
31976619
32023796
32042008
32050792
32305114
32333226
32349076
32423463
32544768
32602643
32602643
32616027
32645746
32645746
32645746
32645746
32645746
32645746
32645746
32714517
32718862
32869467
32989403
33132431
33167672
33189565
33355634
33418024
33420353
33442281
33528804
33552524
33556704
33577232
33648310
33682091
33856511
33952624
34033344
34033344
34033344
34093256
34093256
34093256
34093256
34093256
34142183
34146371
34177952
34196678
34242150
34310221
34344374
34348420
34358660
34394476
34547595
34618607
34644885
34666053
34715860
34723469
34751782
34756276
34775914
34785959
34795959
34819896
34849063
34861697
34869423
34942243
34997412
35003902
35016812
35069105
35079917
35080151
35103616
35127886
35259685
35289371
35294988
35307862
35309908
35369955
35407286
35407286
35504860
35506922
35515081
35515081
35525082
35532884
35541975
35541975
35586441
35588715
35599268
35668219
35678424
35678424
35721159
35764728
35764728
35764728
35764728
35764728
35803940
35836452
35845488
35852889
35877628
35881189
35905457
35926733
35942197
35944866
35959069
36002725
36003755
36078310
36111345
36147940
36156811
36215731
36275874
36306809
36324807
36358852
36406585
36406585
36535553
36535553
36536151
36565696
36588694
36703411
36742817
36746551
36781422
36812372
36829038
36841223
36848357
36853177
36880984
36880984
36884455
36888343
36903269
36965383
37002964
37126718
37138700
37146817
37267594
37326175
37381037
37383121
37422655
37509607
37525256
37591611
37650150
37853905
37853905
37864753
37927510
37949536
37993416
38005117
38020752
38109573
38118388
38205094
38210515
38241744
38241978
38249621
38255902
38284098
38293203
38298821
38307957
38447711
38467833
38473747
38575628
38591204
38591230
38609449
38629812
38711606
38757648
38802786
38866189
38866189
38912156
38922700
38935070
38935661
38996570
38996570
39197681
39254092
39254092
39254092
39265304
39269922
39286038
39292879
39297068
39328588
39354643
39370349
39385117
39434130
39537345
39538435
39561026
39564811
39573213
39611442
39613959
39619182
39625656
39698198
39715151
39746141
39764402
39858219
39867033
39876860
39886698
39900003
39903700
39928144
40002725
40029475
40163550
40221317
40331553
40331553
40355149
40460135
40491389
40491389
40495509
40508227
40554317
40574138
40724553
40905315
40919554
40920792
40925304
40969657
40975568
40996724
41003066
41039184
41053579
41066618
41128102
41144775
41144775
41144775
41157791
41187033
41212199
41284920
41368338
41399366
41542180
41720486
41745756
41764115
41854427
41886870
41916860
41958783
41958783
41991299
42107151
42113548
42223615
42229286
42239951
42247531
42280186
42280186
42280186
42342819
42373108
42418752
42463119
42490133
42499206
42499792
42510768
42570944
42574496
42603300
42626263
42630543
42647516
42662003
42672657
42673401
42688956
42696363
42715085
42761503
42762946
42811540
42878235
42903015
42942203
42942203
42972689
43038956
43091034
43109923
43109923
43109923
43167546
43178528
43266351
43274817
43366773
43370412
43370957
43389881
43392173
43474479
43533527
43555514
43556296
43637280
43710727
43710727
43710727
43710727
43710727
43710727
43710727
43710727
43710727
43710727
43710727
43710727
43716002
43716461
43750734
43793228
43892877
43903344
43928655
43928655
44017239
44017239
44019254
44038602
44076285
44084707
44212620
44212620
44219076
44236381
44256867
44265221
44280678
44295579
44307376
44311371
44384291
44413069
44416642
44425874
44466108
44483109
44487111
44579950
44649547
44680368
44728672
44781176
44818908
44840259
44915071
44923727
45008897
45076684
45226693
45226693
45294132
45375545
45442505
45530992
45577316
45594180
45594180
45786577
45804934
45856380
45888065
45907439
45928243
45948689
45963383
45990171
46003429
46005710
46005710
46005710
46011131
46044136
46044495
46047228
46047228
46200161
46204694
46218067
46233347
46407920
46420473
46455080
46455080
46467891
46648541
46648541
46648541
46685552
46708900
46737329
46748374
46817690
46932058
46981466
47039464
47158001
47168386
47182970
47236293
47430961
47455094
47455094
47553456
47644926
47659886
47664522
47712439
47717927
47754516
47775801
47775801
47831880
47833775
47858157
47974150
47974150
47974150
47974150
48131940
48182631
48241112
48250595
48286345
48369452
48377108
48391260
48408871
48408871
48456040
48505797
48519570
48542347
48581776
48590881
48705749
48746106
48755349
48777149
48839299
48845210
48901443
48927154
48948915
48998559
48998942
49059678
49163739
49237030
49256265
49364969
49441111
49520635
49520635
49534966
49536824
49536824
49540831
49540831
49556198
49739860
49814985
49900671
49996982
50063972
50505691
50505691
50505691
50505691
50505691
50505691
50505691
50505691
50505691
50505691
50540615
50552900
50672288
50803809
50811126
50918596
50942399
50973807
51061323
51061323
51159564
51159564
51179997
51186579
51246639
51276134
51309583
51367891
51401495
51451296
51470149
51475166
51510991
51510991
51510991
51510991
51517343
51552348
51567951
51571386
51586938
51677986
51859778
51922449
51922449
52031314
52071246
52074512
52120840
52138377
52169920
52174223
52267283
52305348
52443670
52444030
52468819
52474806
52531165
52557144
52558648
52600532
52673918
52724961
52842911
52843561
52865717
52868687
52878767
52886002
52963110
52980137
52998787
53058800
53100843
53138050
53233448
53242834
53273648
53281307
53301533
53301533
53308325
53407730
53407730
53413101
53458905
53478013
53545030
53741911
53745905
53810590
53840825
53864814
53977950
54017197
54048521
54048521
54091884
54240005
54248976
54299227
54364021
54387573
54411643
54411643
54446489
54593333
54593333
54649261
54665248
54728862
54819387
54923465
54936341
54936537
54949173
54990507
54996728
55002279
55022651
55063950
55072119
55159933
55170446
55195980
55271653
55308043
55388580
55397339
55413246
55443149
55466531
55474015
55522894
55651129
55668181
55679277
55686905
55868888
55914011
55930323
55960464
56004637
56011446
56208762
56225139
56239168
56293218
56341599
56432254
56597283
56644490
56705609
56775164
56775164
56793239
56793239
56801991
56866294
56875457
56909227
56909227
57038997
57040403
57062439
57073481
57073481
57073481
57094666
57163539
57191727
57193123
57194149
57194149
57194149
57345538
57367816
57413729
57434200
57434200
57480912
57500820
57533825
57556162
57695738
57695738
57763794
57804985
57818467
57857025
57939457
57976657
58016225
58050432
58087637
58097071
58135197
58151600
58503729
58527763
58576180
58611800
58698096
58698096
58698096
58847335
58847335
58847335
58864631
58900321
58908652
58925882
58979268
58998458
59070437
59174557
59221747
59233507
59334000
59542915
59548239
59610126
59633280
59803506
59839875
59890048
59896491
59989772
60026694
60233442
60357734
60488034
60489668
60494603
60644531
60700042
60796972
60796972
60796972
60834519
60946971
60949826
60959617
60999336
61021139
61021139
61025469
61174472
61182152
61216709
61216709
61216709
61216709
61216709
61216709
61263475
61326586
61373457
61378879
61402745
61502941
61549183
61556328
61580712
61685766
61696858
61807365
61850436
61858349
62072087
62228622
62389090
62393687
62416614
62453378
62453378
62460096
62460096
62545470
62605533
62731018
62887551
62973725
62973725
63181480
63186599
63200539
63283967
63294188
63363606
63388004
63492566
63514693
63520701
63525678
63546917
63567459
63594618
63594618
63673657
63776120
63790769
63810846
63814595
63820572
63881296
63883790
63888023
63974205
64029490
64045677
64047666
64136733
64270172
64313224
64329287
64342692
64447048
64479682
64504981
64537562
64542552
64546872
64659978
64678349
64743580
64756209
64791623
64823353
64891197
64905851
64931248
64954950
64964744
65087776
65101332
65115360
65115360
65121154
65121714
65121714
65121714
65132890
65132890
65142325
65390169
65390169
65390169
65391032
65420201
65423073
65448946
65468242
65490601
65546840
65758264
65925975
66118960
66197054
66244956
66244956
66318632
66431490
66436115
66442584
66449677
66464718
66542800
66567076
66596924
66732564
66744473
66844381
66890844
66900318
66919369
66920402
67010566
67010566
67026131
67028829
67038556
67062137
67063068
67063068
67063068
67063068
67063068
67063068
67063068
67069555
67094578
67105730
67113895
67128365
67128365
67165038
67165038
67185412
67185412
67202165
67252253
67268065
67314812
67317995
67343260
67458343
67458650
67458650
67563989
67564697
67564697
67624618
67627719
67642024
67643188
67645112
67647273
67690599
67711431
67711431
67759554
67806878
67820907
67949895
67949895
67950036
68036460
68036460
68036460
68036460
68036460
68047806
68167680
68205060
68269473
68395199
68459894
68503366
68510094
68540048
68542147
68549814
68607394
68619654
68692713
68697336
68703461
68703461
68709565
68788038
68813656
68857331
68878995
68898346
68901169
69004992
69028197
69048391
69069177
69099073
69119474
69176065
69182952
69190632
69190632
69191719
69330855
69331560
69369628
69402014
69491513
69493563
69503246
69510533
69643903
69681005
69734086
69741850
69741875
69761739
69794038
69905548
69966924
69996879
70029217
70034896
70034896
70034896
70042376
70061630
70170607
70262353
70287826
70287826
70287826
70294879
70303539
70352338
70385825
70416112
70416112
70464930
70478862
70494882
70565018
70602080
70613729
70625239
70628470
70631926
70673673
70673673
70687736
70687736
70766386
70828642
70853885
70875692
71044400
71072717
71072717
71073139
71088112
71091111
71091111
71091693
71093086
71257799
71302655
71312665
71391989
71409374
71420595
71470080
71565537
71586874
71598842
71614556
71689898
71689898
71689898
71689898
71689898
71711425
71713174
71927398
72135851
72140646
72158416
72311650
72338023
72338209
72338345
72340060
72397194
72433740
72450713
72535151
72535151
72535151
72665886
72712583
72729484
72808190
72904168
72907553
72913459
72918654
73000013
73029838
73029838
73051730
73191113
73255854
73293379
73378881
73417770
73482072
73500912
73504958
73510146
73510146
73510194
73670513
73697789
73704246
73719518
73727432
73746051
73746051
73788471
73788471
73792816
73824545
73873548
73907774
73907774
73923658
73923658
73923658
73938103
73956327
73963503
74153376
74153376
74165199
74208203
74215393
74217869
74223259
74223259
74241468
74260339
74271216
74309531
74342504
74380314
74382009
74452613
74477380
74487177
74495081
74495081
74549078
74561794
74577610
74617905
74633080
74684307
74765674
74809196
74823189
74852760
74905778
74937310
75032551
75041355
75041355
75049284
75049284
75049284
75052829
75095104
75116429
75116429
75116429
75140753
75167896
75171272
75201523
75212399
75219125
75302765
75324653
75330364
75370342
75439901
75472965
75494073
75591642
75627608
75902352
75919500
75951671
75963468
75968007
76062362
76097042
76098711
76131058
76155419
76162890
76201393
76256419
76267786
76289403
76298027
76359878
76385156
76406616
76419650
76419650
76419650
76444920
76451103
76453945
76455754
76516036
76516036
76516036
76526160
76624568
76647123
76647123
76647123
76647123
76647123
76654088
76654088
76654812
76654812
76654812
76654812
76654812
76654812
76654812
76748902
76776051
76785107
76808925
76825846
76843661
76846807
76869033
76954064
76954233
76954233
76969296
76987848
77016863
77016863
77103405
77103405
77268106
77268106
77312943
77337742
77347526
77396325
77512422
77517526
77517526
77534344
77566835
77573638
77573638
77573638
77641800
77795968
77824477
77833370
77845737
77896145
77931474
77931474
77931474
77931474
77931474
77931474
77931474
77931474
77931474
78082363
78088891
78111317
78177507
78192549
78211189
78218258
78393497
78393497
78393497
78398720
78401131
78402557
78411917
78441989
78453183
78612097
78643368
78643585
78663157
78663157
78664200
78664200
78676015
78687173
78721369
78731956
78789634
78812006
78909357
78921931
78922757
78954068
78957960
78962500
78985586
78985586
78985586
78985586
78985586
78985586
78985586
78985586
78985586
78985586
78985586
78985586
78985586
79023232
79023760
79023760
79023760
79023760
79031208
79060569
79091416
79240298
79314098
79327916
79328364
79343784
79438397
79575262
79627825
79634690
79663442
79779547
79787489
79790044
79790044
79846927
79854494
80064831
80151132
80196832
80206783
80209042
80220874
80263232
80333857
80365924
80410771
80427964
80429374
80466564
80490770
80498122
80500715
80515438
80591554
80596254
80618651
80618651
80618651
80619743
80656836
80727180
80761319
80838016
80940142
80968837
80970917
80981364
81043357
81138445
81154160
81212801
81254146
81265600
81265600
81265600
81282668
81292569
81410059
81410059
81454940
81457807
81511739
81661764
81679142
81691918
81728813
81735354
81828783
81900151
81902429
82113486
82113486
82113486
82113486
82113486
82113486
82113486
82113486
82145355
82145355
82157121
82170753
82178734
82232130
82232130
82255599
82271517
82284524
82363462
82374472
82385496
82391227
82391558
82413323
82461356
82465952
82465952
82518330
82535877
82538415
82538415
82623405
82645505
82659193
82662030
82664664
82664664
82664664
82664664
82664664
82664664
82664664
82724275
82769670
82769670
82791680
82793391
82800254
82814197
82869055
82894605
82988404
82997537
82998598
83129094
83186536
83199178
83259333
83294797
83299026
83384886
83384886
83410292
83410292
83410292
83444992
83457808
83477483
83498827
83503386
83507096
83636493
83636493
83665837
83699041
83707634
83730999
83739780
83763425
83766539
83767006
83767330
83773990
83856466
83879854
83879854
83882783
83896824
83915056
83969008
83996369
84002004
84002004
84012298
84013490
84080349
84080349
84110394
84115959
84126972
84130672
84132394
84154652
84154652
84154652
84160429
84160429
84162007
84179021
84179021
84187603
84194277
84194277
84194503
84208539
84241791
84248405
84253173
84288766
84317463
84319549
84354364
84375846
84378556
84429187
84441588
84442872
84453900
84492829
84522710
84588401
84629453
84629453
84652694
84723879
84750139
84756450
84756450
84843985
84881963
84906657
84909690
84912114
84940161
84990766
84991393
85013148
85079326
85122108
85122108
85131627
85152605
85167861
85167861
85167861
85167861
85186267
85188211
85202870
85225606
85233692
85236684
85236684
85293220
85362348
85381621
85383773
85412926
85420480
85444586
85444586
85456950
85482637
85495320
85628876
85629110
85629110
85629110
85629110
85629110
85643483
85669749
85669749
85669749
85669749
85730499
85767469
85825797
85832543
85832543
85832543
85835481
85835481
85881276
85908010
85970738
85971171
85997950
85999087
86027218
86074553
86132460
86134490
86169441
86180312
86187350
86202539
86212904
86215252
86390811
86405075
86431603
86460126
86486341
86599062
86601521
86649282
86784026
86816305
86872278
86879126
86931000
86983228
87028759
87066574
87074109
87083864
87134934
87344680
87366940
87369556
87449476
87464498
87491295
87522181
87532578
87605222
87641551
87708770
87708770
87717117
87717117
87739742
87797535
87807896
87840366
87978614
87980011
88007968
88072569
88081875
88081875
88124924
88124960
88322570
88345024
88361797
88376509
88489169
88490288
88513071
88523958
88534659
88561394
88597706
88669793
88757974
88776484
88807649
88928888
88957440
88957440
88975544
88992814
88999720
89017849
89034130
89117077
89216197
89325910
89326392
89332436
89372574
89375524
89376574
89376574
89502725
89518140
89528762
89528762
89528762
89529871
89537976
89537976
89557688
89557688
89557688
89584035
89633556
89809432
89845454
89868409
89877191
90001007
90206823
90273219
90326935
90326935
90326935
90326935
90326935
90326935
90374735
90460999
90465263
90468995
90494249
90495575
90511174
90538536
90544565
90563435
90768378
90778440
90789467
90810926
90818243
90879263
90915712
90928489
90928489
90940309
90946126
91162636
91171163
91171163
91178107
91204848
91212574
91379117
91391957
91406025
91411872
91437299
91437299
91510965
91535711
91610704
91610704
91610704
91700721
91734304
91734304
91745963
91846318
91851526
91852395
91892666
91906800
91910214
92023163
92045367
92074317
92197231
92221265
92323707
92334526
92338421
92374384
92397919
92397919
92425859
92458924
92516778
92539713
92571430
92612456
92622085
92687731
92800783
92843928
92867951
92868236
92868236
92880849
92905180
92963825
93012451
93016608
93075853
93108586
93171197
93211219
93223002
93242897
93245463
93318713
93461863
93472262
93485035
93485035
93489151
93651959
93659000
93665493
93680252
93680252
93680252
93697476
93718422
93761417
93761417
93772649
93772649
93773691
93778311
93792653
93889350
94109191
94124100
94129514
94129514
94129514
94167097
94204702
94208276
94257290
94321532
94373010
94376619
94397001
94399223
94421767
94458451
94473263
94604679
94654892
94794482
94812099
94828575
94829813
94839712
94844213
94916592
94924431
95008663
95008663
95052679
95079966
95108881
95120227
95133910
95162786
95162786
95238323
95244063
95292238
95335562
95362213
95435978
95468991
95512303
95521316
95522203
95523449
95533284
95550388
95550388
95550388
95550388
95550388
95550388
95550388
95550388
95590606
95607418
95707891
95723688
95750600
95750600
95751325
95755521
95827854
95851024
95957359
95964037
96006250
96065600
96065600
96173618
96186581
96255595
96444550
96447297
96452349
96459615
96587552
96619813
96684584
96701562
96714746
96814010
96818745
96820089
96823609
96828293
96831762
96912250
96974403
96983756
97007033
97050206
97052756
97066913
97067423
97076667
97080229
97136373
97141622
97167455
97263118
97275165
97286524
97286524
97291041
97364370
97371489
97485338
97544683
97553228
97667052
97693257
97727229
97747096
97766575
97773624
97773624
97843663
97853087
98022819
98161248
98225200
98256406
98262242
98287351
98325599
98326798
98330801
98467371
98495345
98497251
98537542
98542047
98600479
98879814
98942474
99011218
99352332
99380146
99527323
99536775
99536775
99557648
99558127
99621839
99641696
99655642
99746892
99771056
99772280
99798686
99798686
99833146
99857044
99874714
99875153
99887893
100023622
100038963
100052043
100070508
100163761
100277558
100287532
100297642
100335077
100346011
100400189
100547224
100562200
100567766
100644272
100662794
100672233
100676442
100702871
100736723
100819164
100869971
100911764
101034144
101053632
101084310
101141518
101145571
101195640
101288289
101308120
101419870
101426580
101429458
101527536
101527536
101527536
101537344
101601770
101607228
101658397
101687314
101744237
101772207
101772207
101776764
101783007
101783007
101829688
101829688
101847496
101856604
101884819
101937883
101959937
101977839
101991132
102082582
102100054
102106056
102127192
102202149
102202879
102213334
102231953
102247281
102247281
102249888
102309960
102317626
102395956
102398598
102398881
102398881
102404854
102407564
102414463
102444952
102458007
102554654
102569258
102587341
102593589
102632252
102689639
102691033
102728845
102745395
102767874
102789397
102821851
102822917
102831167
102834597
102838151
102840812
102840812
102842264
102842264
102859182
102864377
102908394
102976082
103004589
103037255
103067285
103098583
103122946
103122946
103122946
103146040
103147023
103148376
103148376
103148985
103148985
103155553
103155553
103164475
103164475
103291339
103370596
103370596
103423036
103433512
103433512
103433512
103433512
103433512
103433512
103443078
103443078
103470529
103470529
103536891
103630278
103659359
103663605
103666109
103668307
103668307
103685555
103712804
103739814
103739814
103764306
103767146
103885230
103885230
103885230
103886650
103939659
103950989
103953234
103956768
103963746
103968189
103975120
103975163
103985905
104005724
104030091
104040781
104040781
104060211
104061295
104070977
104181084
104193385
104214711
104214762
104230868
104281631
104285925
104288369
104326590
104364088
104379014
104379162
104379162
104379162
104379162
104394794
104398066
104424756
104428991
104453377
104500348
104509672
104533945
104533945
104534412
104540586
104542533
104544543
104567044
104570490
104589026
104617762
104633961
104663800
104664453
104674476
104706945
104719018
104846297
104858671
104901366
104905319
104935013
105008711
105011270
105013801
105015871
105019908
105024571
105058618
105077802
105178297
105192241
105192241
105233456
105315326
105322005
105394328
105399005
105399005
105515552
105558056
105574822
105574822
105587983
105607067
105687503
105692436
105847814
105853475
105855510
105897919
105910048
105921487
105939056
105992862
106005386
106005713
106103114
106127797
106132983
106149594
106153354
106166687
106166687
106167304
106203790
106210294
106242808
106258341
106276700
106312365
106312365
106312365
106327027
106336240
106343720
106349947
106398117
106440624
106440624
106504164
106572232
106586371
106608057
106612819
106612819
106612819
106612819
106612819
106612819
106612819
106612819
106616785
106641777
106664290
106665462
106735260
106744214
106744214
106778159
106778159
106816270
106857197
106857756
106868145
106874232
106881033
106902013
106902013
106922320
106932532
106945574
106953855
106957466
106975332
107016853
107111755
107136975
107136975
107158688
107167390
107167390
107167390
107230967
107231492
107251102
107267481
107475876
107476167
107500012
107579268
107580685
107602672
107602672
107602672
107602672
107602672
107617862
107763793
107781397
107802911
107828323
107838992
107851474
107865175
107865175
107865175
107865175
107865175
107868364
107882876
107905991
107905991
107905991
107915460
107920166
107941228
107941228
107941228
108074749
108196165
108208049
108358500
108374967
108390812
108399913
108409723
108413960
108426403
108432376
108462675
108469672
108511291
108515815
108528252
108618482
108618482
108629062
108652930
108652930
108652930
108668734
108742915
108743086
108772488
108774979
108778775
108793031
108851785
108860724
108880059
108906441
108947154
108980689
108989345
109031244
109039196
109065939
109079118
109109504
109122675
109128097
109130067
109134861
109134861
109155331
109155331
109173718
109289827
109289827
109332496
109355228
109420453
109424320
109424320
109491457
109491626
109578751
109618983
109637041
109654849
109670344
109684300
109694275
109708324
109710925
109734814
109747723
109935962
110001246
110041110
110055702
110070325
110229696
110314354
110325995
110356816
110505205
110505205
110538437
110584397
110599350
110603399
110609163
110612319
110750461
110871266
110909589
110911592
110932597
111054153
111059136
111077403
111134905
111234636
111241932
111313107
111343965
111345996
111347483
111362145
111377440
111379265
111409847
111443022
111458348
111473408
111514505
111520109
111520109
111595856
111632277
111642331
111676699
111677812
111724188
111737352
111743618
111819443
111825684
111895315
111952958
111952958
111952958
111953135
112029776
112077493
112080505
112126185
112229278
112256124
112319881
112378916
112479468
112479468
112480077
112485363
112516638
112516638
112518788
112522763
112566745
112634151
112648312
112727214
112755169
112761276
112777042
112779548
112779548
112787062
112806531
112818014
112877872
112881101
112881101
112881101
112894346
112897105
112903288
112969745
113065531
113065531
113065531
113093119
113093119
113093119
113093401
113096850
113100223
113161690
113246031
113249429
113254811
113352165
113413385
113416489
113423754
113498658
113549980
113656079
113677103
113696238
113709009
113710074
113710074
113775588
113775961
113778190
113779706
113779706
113779706
113779706
113779706
113779706
113794440
113999233
114011397
114034310
114034310
114058404
114106271
114113680
114256908
114256908
114256908
114297837
114322221
114342749
114346861
114349518
114516482
114527631
114541865
114552901
114555011
114590215
114620593
114652399
114758365
114796124
114814443
114819321
114833703
114833703
114833703
114833703
114833703
114833703
114834041
114862569
114868608
114914434
114937007
114942183
114942183
114962583
114962583
114964023
115077998
115107334
115117607
115123555
115123555
115135757
115191167
115216374
115268894
115490007
115509108
115524014
115551487
115582162
115650003
115673296
115694632
115703733
115749305
115768392
115782391
115796399
115859450
115975330
115982642
115986375
115997067
115997067
116011030
116021448
116047490
116067803
116073448
116082830
116082830
116083927
116083927
116114678
116245288
116245288
116308546
116341418
116505897
116506728
116506728
116507479
116507479
116525792
116564156
116623398
116658058
116658058
116658058
116658058
116676148
116799843
116825867
116825867
116865728
116869881
116870598
116893402
116941141
116983267
116987981
117007283
117047227
117177853
117234901
117292345
117304395
117306911
117308715
117308715
117308715
117328040
117367233
117446276
117506217
117524075
117529242
117797116
117809401
117849709
117854466
117859455
117859455
117879332
117879976
117888656
117893192
117895617
117895962
117902654
118176817
118215159
118225918
118263103
118274675
118274675
118288257
118425390
118489544
118539154
118543625
118543625
118561915
118578590
118599276
118599276
118599276
118599276
118626518
118844851
118860079
118866079
118886259
118886259
118901062
118908641
118930362
118969227
119101072
119146809
119158503
119159704
119159704
119204469
119219332
119244289
119246006
119267972
119401698
119425292
119448578
119448578
119501152
119504255
119504255
119504255
119545891
119772518
119805658
119810964
119810964
119871278
119910688
119917584
119940606
119977809
120019139
120199266
120268428
120268428
120268428
120283731
120449974
120449974
120449974
120508149
120517304
120518575
120555883
120574998
120595227
120595227
120595227
120595227
120894884
120911183
120919074
120974611
120981462
121005057
121121245
121121479
121121489
121132845
121149750
121160123
121172409
121175087
121217779
121220685
121242754
121276739
121336106
121339155
121519454
121600342
121622648
121644052
121660949
121834146
121860633
121898927
121930794
121934989
121965431
121980332
121988367
122010867
122082678
122111560
122128208
122128208
122175091
122175515
122194131
122250038
122250038
122250038
122257559
122299163
122299163
122306010
122432124
122483053
122509094
122514391
122557275
122573206
122649733
122702115
122702115
122709745
122751698
122781406
122850159
122891476
122893787
122994174
123045512
123122889
123122889
123150463
123170122
123297572
123297572
123418857
123477078
123499554
123577956
123596014
123619855
123627471
123699679
123714625
123717973
123717973
123717973
123798513
123916252
123924607
123936070
123988322
124025657
124283364
124283692
124348271
124489682
124496989
124563578
124587711
124614623
124649859
124894734
124917749
124980501
125125002
125350652
125350652
125350652
125351983
125423028
125435684
125462314
125471838
125506924
125543082
125573255
125693885
125716004
125746358
125776420
125820148
125847351
125854580
125884270
125884270
126011835
126064610
126071313
126071313
126074612
126074612
126127242
126154365
126217324
126322560
126484378
126493137
126493137
126516097
126520400
126535645
126678273
126678273
126683819
126773745
126774062
126774062
126787591
126804084
127021295
127091496
127091496
127099867
127122971
127122971
127155328
127313751
127313751
127348809
127360583
127566671
127589491
127627899
127678808
127718341
127903153
127919339
127939819
127989887
128007747
128041316
128102643
128115452
128266632
128314408
128321161
128388131
128442274
128442274
128449672
128467438
128594882
128634237
128643741
128646308
128674550
128745782
128935414
129265745
129282303
129325421
129354741
129354741
129400778
129400778
129400778
129411038
129413602
129423127
129423684
129425600
129441628
129556901
129588950
129662869
129681238
129694803
129694803
129721168
129735454
129826810
129827501
129845242
129845242
129887797
129891534
129900508
130028183
130034844
130037626
130068001
130151480
130157017
130191262
130229871
130389375
130408711
130567447
130569459
130585037
130585037
130585037
130585037
130626534
130632309
130650358
130650505
130654607
130676806
130682467
130722576
130723351
130733010
130748033
130907918
130914193
130977551
130992519
131249939
131284494
131306373
131306373
131322089
131360338
131374366
131413220
131413220
131413220
131413220
131528220
131556523
131556965
131658892
131695804
131715375
131744034
131750653
131860398
131893846
131912469
131915554
131928954
131967942
131979269
132034671
132087853
132087853
132180411
132205660
132205660
132205660
132221916
132227105
132241792
132262849
132306675
132306675
132306675
132330132
132346487
132430392
132509596
132572666
132581153
132648543
132697269
132725369
132750902
132788054
132920822
132929612
132940469
132950082
132959136
133022805
133027556
133062004
133161743
133162324
133166838
133302968
133390596
133396296
133433629
133452972
133465283
133483864
133531209
133537387
133539996
133556192
133561897
133567458
133634070
133725393
133825244
133825244
133872643
133923737
133962283
133962283
134032159
134122019
134187654
134294993
134331394
134363213
134439728
134475920
134518634
134572857
134617915
134639920
134639920
134659007
134691892
134700666
134702859
134706624
134812456
134838900
134852495
134891988
134900841
134913254
134946069
134987641
135186513
135189672
135189672
135207952
135217503
135227648
135229260
135229260
135229260
135286188
135286188
135336971
135336971
135345768
135357183
135359758
135484262
135559258
135565070
135578409
135579970
135583224
135591263
135749586
135752981
135847559
135875729
135899105
135899105
135952786
135952786
136036586
136063556
136063556
136070063
136105246
136167713
136230021
136230021
136230021
136316627
136358395
136413105
136434535
136454773
136521671
136540665
136667133
136701658
136710000
136710000
136804292
136915287
137071525
137104854
137120403
137136848
137136848
137136848
137136848
137136848
137136848
137401379
137401410
137415460
137462216
137471786
137482459
137501697
137512443
137523896
137525194
137561436
137588032
137702110
137744163
137785090
137839464
137879834
137946418
137946418
137946418
137946418
138090932
138162644
138255322
138261167
138269674
138298509
138369415
138477233
138477233
138477233
138477233
138480687
138555680
138601652
138601652
138601652
138627673
138731801
138798419
138802547
138831125
138847992
138966157
138966157
139139849
139189528
139196172
139210787
139235839
139240654
139313834
139441329
139474824
139517943
139589395
139600388
139621794
139716477
139781652
139818251
139897536
139957428
139957428
139986343
140114871
140135310
140135645
140294502
140294502
140315523
140471520
140482765
140482765
140487965
140491088
140505046
140507320
140520869
140541500
140610273
140610273
140610273
140610273
140641982
140663905
140689470
140787194
140887756
140945033
140959034
140986661
140992452
140992452
140992452
140992452
140992452
141053082
141053082
141061344
141074017
141088666
141088666
141088666
141090019
141216769
141221917
141297257
141430172
141445957
141463895
141496991
141621086
141655846
141659978
141665179
141758739
141831907
141971250
142039037
142039129
142113732
142340640
142392810
142400820
142411352
142441195
142679554
142734960
142754717
142759711
142761286
142827042
142839851
142868636
142868636
142868636
142879955
142879955
142901498
142977623
143082558
143105221
143144293
143209333
143216209
143243593
143261734
143332638
143383113
143383113
143511113
143511369
143546353
143566850
143600695
143638554
143642867
143675270
143676601
143681064
143838437
143909032
144041155
144050880
144184861
144233242
144269677
144291586
144291586
144296777
144335366
144343754
144366041
144380789
144412570
144511653
144511653
144564131
144564131
144564131
144564131
144564131
144623550
144630949
144636282
144672004
144695840
144706827
144730177
144956318
145011526
145019819
145019819
145019819
145019819
145041810
145075153
145090646
145093155
145123836
145239257
145309636
145315941
145315941
145319404
145327899
145350372
145360896
145371357
145418785
145424435
145492910
145492910
145512187
145545449
145749712
145812062
145813640
145827704
145894085
145904042
146010914
146052866
146129496
146146994
146194914
146194914
146209039
146291329
146331224
146476339
146503972
146503972
146534545
146562114
146629788
146691152
146831712
146831712
146838441
146944988
146949024
146997312
147020033
147073542
147204709
147346056
147379217
147379217
147403403
147635609
147642389
147660073
147679333
147679333
147704394
147778083
147791246
147791246
147800854
147808359
147808359
147879177
147988550
147988550
148010176
148010176
148145894
148204776
148217010
148220939
148401647
148409710
148411387
148411387
148416169
148449137
148449137
148483394
148555891
148556810
148609417
148853805
148893219
148903545
148910039
148927461
148927461
148996079
148996079
149010601
149147619
149161500
149229308
149297533
149299362
149333826
149517894
149594012
149642391
149646535
149646535
149651354
149692212
149714930
149727856
149744293
149753440
149960270
150034693
150043694
150069705
150072768
150088378
150105570
150105570
150107989
150115131
150120431
150266161
150314958
150373921
150389848
150680338
150712785
150735350
150801508
150878755
150878755
151012379
151087252
151099799
151099799
151099799
151106306
151158789
151199427
151215208
151221636
151232154
151245967
151259144
151263143
151271095
151275966
151304007
151327833
151341479
151378373
151507141
151507141
151507141
151509130
151549916
151555992
151584852
151584860
151739805
151749304
151925925
152021978
152031922
152097905
152102571
152147104
152163177
152243402
152279552
152318333
152337560
152358615
152420168
152498316
152554142
152738906
152755618
152787024
152808939
152837455
152842003
152884089
152902414
153052955
153066584
153066584
153066584
153077469
153086975
153086975
153086975
153189602
153220051
153285787
153285787
153289134
153294509
153421817
153484162
153529671
153639637
153677701
153686381
153690826
153825393
153917384
153924671
153924671
153942074
154138081
154144769
154150408
154166085
154208736
154326056
154397075
154578273
154594081
154681419
154681419
154682046
154696356
154696356
154702653
154737346
154740304
154756443
154756443
154756443
154756443
154756443
154775273
154813922
155043628
155258581
155328443
155352585
155396077
155396077
155461258
155554177
155564783
155577474
155600179
155615148
155649008
155669226
155699226
155711035
155719559
155738613
155769740
155785401
155846832
156013410
156042697
156069946
156069946
156069946
156069946
156069946
156097234
156143289
156162531
156189748
156351160
156397533
156441988
156443416
156446270
156460809
156507384
156518828
156702527
156745627
156781068
157047808
157047808
157066221
157066221
157100180
157100180
157101948
157194495
157205583
157212081
157213265
157236088
157248088
157354484
157374718
157429021
157475356
157501692
157515854
157530507
157539513
157542997
157570482
157718278
157749157
157751892
157751892
157751892
157853591
158056125
158095986
158121168
158144073
158147423
158173665
158174303
158175710
158197088
158203048
158226810
158245238
158275918
158385795
158404413
158426225
158435896
158469221
158485398
158519133
158526859
158526859
158526859
158526859
158529839
158631031
158879541
158893382
158895701
158939101
158939101
158961127
158997447
159172754
159175516
159332140
159496446
159578800
159591953
159618273
159642842
159678098
159678098
159713853
160049320
160081035
160081035
160081035
160081035
160081035
160081035
160081035
160292115
160307579
160310440
160335687
160350801
160363034
160416430
160599559
160692470
160729301
160740326
160780338
160797433
160797433
160974196
160984303
160985024
160985024
160995082
160995082
160996607
161035807
161052788
161140396
161144015
161145490
161175597
161185730
161258242
161320580
161342858
161373834
161373834
161415617
161430724
161436032
161442304
161457005
161516925
161707745
161738584
161748992
161844135
161887648
161916635
162078337
162110131
162110131
162115148
162115148
162164185
162400819
162400819
162503263
162533306
162556062
162575282
162602318
162620031
162626657
162702612
162766248
162816454
162918658
162958479
163027913
163112489
163156781
163205804
163217269
163242126
163242126
163342410
163347785
163481929
163611614
163611614
163614888
163640781
163723107
163723107
163739455
163899764
163915700
163921329
163962738
163966523
163977875
164070137
164298163
164356890
164470787
164470787
164470787
164765832
164767008
164855612
164982614
165018462
165101227
165101227
165124238
165190914
165330475
165330475
165455479
165459538
165481688
165536963
165562510
165591559
165634096
165717575
165841221
165844751
165853849
165892968
165900667
165903353
165908036
165944078
166208781
166242282
166247749
166262880
166365071
166410059
166410059
166442726
166442726
166451252
166647605
166798914
166805784
167041020
167041020
167049076
167231143
167319326
167392764
167393037
167618799
167637683
167844727
167859283
167932550
167935873
167961284
167963455
167964371
168160606
168271403
168492155
168713074
168713074
168748290
168768224
168862266
168892556
168892556
168927885
168930469
168944292
169003542
169117139
169193978
169196320
169213154
169255808
169262686
169286010
169307575
169427929
169569118
169579764
169579764
169592416
169611706
169695864
169773044
169807325
169927550
169992791
170090365
170173396
170370022
170544203
170561169
170702278
170706118
170809587
170827573
170879679
170902026
170937979
170974282
171017523
171192067
171203000
171203000
171243645
171480923
171488685
171488685
171508858
171668472
171670484
171789954
171931130
172014527
172057108
172066072
172153776
172159450
172492008
172585139
172631775
172637082
172879483
173202185
173251924
173251924
173253678
173489158
173677954
173678567
173678567
173896884
173896884
173896884
173955140
173963355
173973663
174060060
174065335
174086393
174086393
174146075
174167510
174255677
174347938
174355307
174365718
174369454
174376477
174376477
174415544
174557592
174715643
174845094
174919862
175057139
175129692
175166123
175197120
175420325
175433257
175433257
175433257
175433257
175433257
175433257
175433257
175433257
175514198
175573217
175586046
175924444
176195955
176307466
176461197
176490101
176530757
176596870
176610087
176628498
176667935
176805315
176824184
176891784
176905353
176974849
177069916
177077736
177078978
177106186
177294657
177330694
177330694
177338299
177338299
177396325
177448398
177630233
177690781
177741092
177751824
177783496
177811911
177839339
177839506
177849808
177849808
177898087
178011230
178130873
178202615
178215711
178421520
178421520
178518084
178610629
178610629
178767948
178795907
178907043
178926468
178953137
178990248
179138920
179165484
179226907
179226907
179241091
179307705
179364901
179364901
179415108
179415108
179415108
179614484
179633708
179638094
179652192
179700275
179717063
179717419
179730694
179836471
180105359
180196550
180236843
180236843
180236843
180241272
180272536
180399421
180401552
180485842
180492788
180620523
180625439
180625439
180653743
180707647
180783260
180889201
180926542
180938107
180966950
180966950
180966950
181004209
181073929
181183312
181333986
181375916
181405064
181441725
181587772
181587772
181587772
181587772
181587772
181587772
181587772
181587772
181587772
181587772
181622223
181622223
181641295
181682831
181829334
182001422
182218609
182221041
182222782
182232006
182273292
182461528
182463942
182542750
182561640
182580965
182649339
182658869
182823780
182891665
182956488
182974969
182988173
183008348
183018589
183023633
183039558
183142324
183248651
183269140
183391065
183498314
183518591
183756762
183773639
183780804
183784451
183784451
183917361
184018902
184148279
184247053
184452784
184481251
184553022
184632842
184652594
184829685
184890768
184934975
184963659
185000770
185238300
185348860
185407789
185441618
185455222
185682899
185782057
185918164
186171980
186350663
186456781
186481088
186485167
186502686
186510953
186522971
186539377
186539377
186575354
186914669
187045495
187101958
187113432
187342305
187347244
187415131
187505114
187505114
187546365
187601040
187693044
187696071
187742334
187751707
187997639
188238430
188338891
188420885
188422343
188429605
188556580
188628516
188694872
188926041
189191889
189203205
189227195
189237254
189251040
189271347
189756347
189757126
189938213
190331227
190383172
190456056
190534955
190534955
190545615
190648785
190718376
190785576
191094991
191169367
191218064
191252551
191289905
191421445
191657171
191877030
191914299
191922452
192073894
192150664
192327742
192457683
192696990
192707727
192780583
192891230
192949838
192976782
193013905
193064477
193078089
193081758
193151111
193152131
193339882
193364736
193437941
193445593
193461159
193461159
193585494
193787806
193843789
193843789
193861126
193902497
193905493
193954803
193955154
193972055
193998107
194186326
194208299
194240142
194240142
194240142
194245113
194253821
194605838
194605838
194724043
194724043
194724043
194724233
194738226
194795030
194853112
194861221
195174399
195267592
195409286
195431095
195625678
195842401
195842401
195842401
195842401
195883232
195994622
196038736
196054677
196064311
196154668
196316439
196456625
196456625
196618963
196667941
196674380
196745063
196756078
196768374
196784550
196881538
197108354
197170344
197204087
197248984
197248984
197307875
197461318
197500327
197574673
197574673
197672706
197931153
198172983
198615860
198635339
198743921
198754544
198754544
198756622
198812324
199035069
199153361
199168800
199168800
199323747
199339142
199445477
199515999
199691111
199729538
199790277
199889890
199906234
199923239
199951450
199974022
200118833
200118833
200118833
200118833
200303802
200317128
200396177
200523183
200577330
200587931
200631111
200773294
200809054
200827657
200827657
200932969
200998119
201018977
201118756
201292239
201312108
201403498
201496452
201597766
201780233
201809852
201813432
201846789
201873264
201905382
201936871
201936871
202238513
202255216
202359731
202444133
202498286
202708955
202740046
202748494
202827029
202829231
202829231
202867729
202873549
202947057
202967128
203086005
203114489
203144382
203169152
203169271
203189030
203309387
203309387
203319382
203538352
203621972
203624978
203641610
203761215
203810476
204052917
204088775
204124992
204133671
204142056
204147772
204147772
204395461
204455709
204544285
204561420
204570777
204570777
204602881
204813070
204919587
204982831
205006899
205082635
205107161
205108380
205120118
205194280
205308773
205415427
205472708
205559306
205977440
206232284
206391385
206391385
206393698
206393698
206393698
206393698
206393698
206393698
206393698
206393698
206393698
206509362
206677433
207135167
207148073
207163093
207222745
207229686
207235100
207269352
207358700
207422237
207536155
207596161
207712753
207729863
207767682
208041817
208154035
208161591
208203223
208326305
208326540
208404068
208678493
208709945
208781048
209217308
209371674
209384813
209642177
209642177
209672491
209682773
209694371
209725006
210198437
210198437
210198437
210222197
210222197
210244622
210606122
210679080
210682874
210881375
210916155
211039514
211039514
211039514
211039514
211039514
211039514
211199615
211205107
211302483
211304321
211314735
211397937
211594065
211594750
211604581
211607818
211647423
211917646
211953729
211962887
211969687
212057217
212088234
212373349
212462327
212489193
212800079
212843149
212893995
212957746
213036161
213036161
213094941
213096526
213161131
213161131
213161131
213161131
213161131
213161131
213161131
213396578
213415190
213456346
213493652
213504838
213539643
213545253
213546365
213722398
213741026
213768138
213851608
213895440
213918613
213918613
213961928
214200637
214210510
214210510
214210510
214243146
214252499
214498778
214498778
214499137
214576331
214638890
214679427
214686587
214752956
214757844
214786584
215088230
215151134
215379834
215521297
215729901
215742896
215742896
215742896
215742896
215742896
215742896
215900847
215962438
216077947
216254452
216254452
216453618
216500132
216580823
216695568
216731477
216823501
216886631
216914783
216938282
216946328
217122058
217204708
217211943
217243902
217294302
217476592
217546368
218184526
218350586
218350586
218394431
218516971
218544336
218567807
218626985
218644711
218740036
218760346
218899577
219004296
219004296
219014517
219070478
219108539
219194564
219335803
219348613
219348613
219348613
219492120
219536268
219555838
219570696
219654430
219670826
219812919
219828217
219832211
220124924
220124924
220243435
220403956
220546071
220804147
220819512
221214676
221392737
221412344
221501178
221517229
221602707
221637909
221788835
221829054
221847666
221924850
222186822
222359358
222490730
222556622
222563958
222598317
222639423
222877233
222949962
222952376
223233360
223233360
223302891
223307244
223307244
223341274
223350728
223350728
223382480
223616304
224020366
224021671
224065187
224094934
224276661
224285758
224285758
224317291
224339363
224371400
224414833
224422398
224426274
224648272
224681246
224764225
224796659
224888537
225030894
225032956
225032956
225032956
225032956
225032956
225032956
225038281
225140573
225281096
225405807
225483642
225623013
225623013
225673419
225673419
225673419
225684709
225848863
225848863
225875751
225925640
225940861
226025810
226027982
226027982
226185542
226196572
226236451
226245917
226245917
226253449
226255610
226329439
226583941
226583941
226594748
226610233
226689896
226814930
226984857
227016231
227157398
227157398
227157398
227183845
227300873
227312504
227373490
227388031
227530928
227548963
227732900
227741947
227802053
227845473
228157926
228189683
228449958
228475009
228537952
228602352
228822369
228839675
228839675
228839675
228841482
228913597
228926978
228926978
228938794
228966250
229117555
229252229
229420113
229541103
229568947
229678289
229734003
229896275
230086611
230328831
230554174
230679778
230740929
230747444
230804901
230827419
230872048
230890623
230945389
230963654
230963654
230963654
230972821
231171457
231180968
231204900
231281590
231477438
231785212
231906625
231935128
232061280
232194919
232222981
232462147
232705585
232925808
232965317
233021467
233028475
233059927
233100140
233192336
233256136
233543018
233544746
233580951
233830170
233838243
234002809
234002809
234002809
234003700
234062558
234083714
234099586
234102908
234121010
234288011
234433259
234546995
234615368
234661638
234749971
234866739
234866739
234950897
235000687
235233919
235241599
235246742
235282740
235282740
235305216
235305216
235310938
235345521
235345521
235577931
235595256
235725422
236075284
236143200
236193733
236193733
236260918
236354942
236450347
236469722
236628279
236628279
236628279
236670397
236749452
236749452
236955009
236963582
237066026
237086884
237193006
237519509
237524343
237547130
237555392
237562100
237573671
237578607
237612705
237753551
237932691
237954230
238263177
238276288
238308803
238401627
238420537
238422475
238465536
239000570
239131638
239155115
239241671
239250998
239250998
239466449
239568215
239624545
239655288
239692200
239928794
239983573
239993240
240029688
240072861
240082213
240082213
240082213
240105123
240105123
240249203
240249203
240307539
240343129
240343129
240542267
240738708
240739637
240745890
240765742
240780009
240780049
240860421
240868054
240884401
241089305
241190752
241192205
241225691
241246174
241319816
241328169
241376113
241380007
241380007
241380007
241515211
241607830
241621719
241626178
241626178
241626178
241626178
241632703
241655289
241668193
241674926
241702328
241703350
241703350
241704700
241704700
241780339
241963506
242049713
242125434
242206170
242259313
242306827
242430122
242475620
242489225
242501683
242503490
242697071
242740060
242889253
242919496
242982784
242993645
243002680
243014845
243014845
243252457
243252457
243348321
243377049
243448195
243541026
243541026
243876643
243946626
244208507
244208507
244218738
244225886
244289906
244384367
244576969
244672960
244710718
245028467
245028467
245028467
245028467
245028467
245028467
245028467
245109150
245348442
245427179
245433662
245461670
245590668
245590668
245641123
245641123
245655268
245693622
245779461
245779461
245841540
245985644
245999291
246002743
246058554
246073906
246097047
246099835
246406592
246462704
246497459
246669730
246669730
246686866
246919284
247053495
247229642
247239043
247322633
247346878
247457177
247509863
247602083
247804587
247952194
248027525
248349336
248373934
248423372
248501551
248531207
248666604
248687359
248687359
248769515
248876768
248918871
248918871
249046574
249150911
249222839
249266595
249294030
249312165
249312165
249312165
249508955
249508955
249525180
249796797
249796797
249796797
249935235
249980291
249986821
250142819
250228564
250228564
250228564
250233665
250233665
250299545
250301891
250309239
250316313
250330998
250405572
250426528
250426528
250426528
250426528
250426528
250454020
250647716
250725742
250749920
250750635
250789983
250834521
250861386
250888251
250894046
250903711
250917651
251045341
251317303
251365178
251486313
251654590
251654590
251715009
251721837
251758635
251936832
251949024
252117867
252136433
252136433
252136433
252136433
252142472
252259566
252327980
252420523
252438044
252633666
252670195
252681275
252685465
252746265
252799236
252800649
252826654
252863691
252933306
252933306
252949501
253001754
253005205
253076233
253174959
253222877
253236289
253350247
253401012
253618683
253806021
253812540
253812540
253860069
253861742
254173456
254383283
254511774
254573886
254721971
254812869
254892920
255046314
255280024
255399732
255558622
255563504
255577244
255623612
255623612
255623612
255623612
255623612
255623612
255645869
255734218
255734218
255759383
256108017
256157912
256229318
256276845
256276845
256413033
256585542
256593622
256632103
256690454
256730520
256769902
256769902
256771774
257031620
257134191
257161328
257313604
257313604
257456303
257462845
257462845
257537895
257540454
257794075
257810108
257823250
257980880
257980880
258066394
258125943
258274575
258831803
258848837
258910242
258921455
259045190
259075025
259087716
259268003
259306918
259306918
259306918
259333820
259365454
259379037
259418325
259509251
259590584
259590584
259815337
259830757
259920181
259935349
259978797
259981112
259983326
259989248
259989500
259990118
260008015
260022476
260022476
260022476
260036044
260054586
260253381
260276382
260328344
260340328
260377958
260419908
260560517
260813355
260815994
260821209
260917240
261037275
261047528
261395720
261452842
261548296
261745793
261787357
261856029
261876448
261949826
262198854
262223900
262239242
262282516
262291316
262443689
262524815
262535887
262728900
262778362
262808519
262831867
262982843
263190904
263296106
263337629
263354206
263419349
263463719
263496059
263692792
263736882
263743914
263743914
263743914
263743914
263743914
263743914
263765018
263823269
263823269
263823269
263823269
263823269
263965151
263986117
264078189
264409815
264436669
264457088
264534279
264540017
265033893
265085685
265177271
265192837
265192837
265192837
265560394
265627270
265766801
266136898
266219201
266222190
266270578
266380274
266398759
266406599
266438822
266571050
266656197
266697452
266697452
266706913
266887523
266959257
266979956
267024343
267053113
267158209
267248908
267321795
267321795
267368991
267482408
267519510
267556033
267695829
267800781
267807296
267903430
267962058
268010715
268016502
268061323
268127487
268346304
268346304
268346620
268377880
268379576
268559490
268625325
268847164
268888370
268906932
268970894
269081674
269093557
269093557
269137397
269250191
269329083
269363490
269833714
269881841
269943619
270071825
270176286
270176286
270176286
270454576
270479725
270583587
270635438
270635438
270635438
270650285
270724629
270905917
271063616
271083752
271251689
271304827
271474888
271527622
271527622
271544909
271672693
271679644
271745446
272011398
272131521
272131521
272148320
272241056
272245808
272567498
272644829
272715242
273256975
273275163
273350239
273429047
273446891
273483935
273483935
273493335
273535565
273563656
273574926
273717202
273774005
273893550
274089532
274089981
274167717
274251455
274293834
274593383
274683003
274744428
274839546
274872147
275151942
275295869
275301251
275304286
275605060
275626742
275654318
275667057
275753424
275756087
275774499
275829474
275869926
275899340
276139841
276220558
276222746
276233597
276634675
276776346
276786378
277541318
277576524
277610930
277613098
277717742
277746568
277780209
277780209
277802259
277802259
277951913
277993938
278103371
278108787
278151226
278178082
278182666
278409566
278409566
278611510
278616998
278808495
278830412
278875967
278875967
278875967
278987325
279155261
279198084
279203674
279241661
279249006
279259687
279367607
279444084
279444084
279634861
279793183
279811789
279879041
280166422
280338555
280544150
280590080
280643111
280659741
280659741
280659741
280660169
280660169
280679288
280896636
281089646
281176814
281222128
281359231
281742454
281742454
281787783
281874071
282084837
282265527
282399003
282697116
282711029
282772032
282802865
282900134
283125605
283170559
283263576
283263576
283278749
283531190
283718296
283823079
283825563
283826152
283826152
283951824
284450421
284573767
284573767
284643769
284683884
284698910
284741137
284773036
285152419
285364614
285461307
285678312
285738343
285754022
285828699
285863571
286298465
286462118
286495271
286498074
286498074
286777299
287028191
287029344
287166142
287196168
287196168
287376910
287487490
287709014
287714636
287714636
287797546
287801545
287827311
287889178
287898753
287949824
287949824
288048006
288210671
288403559
288601825
288601825
288652335
288865809
288938044
289354554
289508321
289563875
289654981
289730996
289759155
289763220
289763220
289763220
289763220
289763220
289763220
289763220
289851776
289946369
290082425
290099540
290133603
290238703
290251986
290260812
290638447
290674460
290694847
290697358
290701174
290922899
291155809
291163957
291231745
291343756
291740825
291740825
291740825
291872370
291877296
291889686
292315140
292315140
292386952
292386952
292418119
292744968
292784688
293010986
293026091
293086112
293265239
293582342
293582342
293637123
293638029
293780273
293798883
293798883
293912274
294017336
294061484
294087010
294108233
294166352
294276819
294298075
294362054
294573444
294634130
294816236
295023621
295395954
295408030
295415089
295670836
295769336
295855694
295953888
296078887
296170558
296243337
296304328
296480556
296592711
296682072
297014145
297020956
297051361
297228407
297475778
297630002
297720270
297779360
297877939
298186254
298190284
298190284
298190284
298190284
298190284
298198143
298299564
298333402
298586514
298785830
298799222
298839898
298849182
298849182
298871404
299176307
299219777
299239362
299252523
299617374
299619307
299620513
299741405
299756919
299759863
299904838
300018063
300041890
300048262
300062822
300115764
300273704
300311824
300349298
300407309
300436115
300475408
300480148
300603191
300657033
300657033
300657033
300947035
300972906
300979846
300996607
301082495
301158630
301169374
301242569
301508609
301583014
301601048
301602481
301766543
301766543
301784904
301827894
302026496
302086826
302222632
302316603
302622341
302733063
302869509
302875841
303369413
303456639
303648563
303920270
304055722
304086103
304182127
304457311
304538593
304538593
304544411
304544411
304544411
304561005
304561005
304604898
304613859
304613859
304639436
304662461
304770670
304916462
305067080
305176978
305215182
305293410
305328953
305388587
305492914
305589654
305902309
306205964
306219892
306224787
306224787
306224787
306226413
306317594
306426708
306532091
306598963
306657803
307096146
307172896
307187748
307421796
307457240
307488165
307488165
307488165
307488165
307488165
307488165
307632725
307701857
307726968
307951666
307954946
308020618
308028007
308041257
308043216
308198718
308269620
308520984
308551066
308638263
308713059
308713059
308861176
308861176
308861176
309201209
309264805
309355528
309355528
309427692
309682132
309890223
310336175
310393339
310522536
310668411
311072227
311105548
311302769
311302769
311539323
311561444
312146455
312178576
312178576
312178576
312178576
312178576
312231388
312247291
312299835
312314593
312695398
312713795
312741533
312773163
312799530
312919278
313015037
313061217
313113341
313176664
313295803
313353369
313568817
313704701
313801622
313966080
314018057
314024976
314088072
314118307
314157069
314215300
314365442
314440199
314601872
314623075
314669207
314861783
314874487
314884656
314917457
315271485
315557744
315608581
315958664
316095126
316228461
316499689
316567205
316567205
316606688
316685943
316747108
316843252
316859632
316871691
317075971
317275522
317289633
317520481
317827089
317832012
317941009
317956744
318012163
318169405
318228605
318228605
318255780
318475987
318600956
318738402
318827430
318827575
319040984
319093053
319194566
319727681
319818180
320002966
320253175
320321554
320321554
320875367
320876392
320942038
320950184
320952094
320960101
321377336
321397028
321535467
321535467
321686453
322038982
322263854
322440984
322443536
322660856
322660856
322844774
322900195
323224999
323364412
323441450
323532447
323592304
323696754
323850834
324083736
324772974
324994279
324994279
325183388
325358651
325666400
325669710
325759550
325759550
325784985
326308869
326343788
326462741
326561496
326590735
327029847
327029847
327038829
327056851
327085010
327170841
327226335
327365362
327422940
327493103
327556993
327588482
327734045
327734045
327734045
327734045
327763898
328177904
328177904
328177904
328177904
328177904
328177904
328235906
328832882
328836554
328959633
329118083
329426330
329620739
329880409
329949797
330001121
330006348
330103201
330146936
330389608
330480740
330740904
330821454
331304167
331339397
331745292
331885713
331890589
332069433
332069433
332069433
332477512
332602171
332607736
332618186
332763614
333132427
333189956
333465026
333523499
333528243
333577246
333577611
333625809
333664875
333808756
333808756
333828825
333828825
333882847
334039689
334242976
334331687
334377572
334415165
334656481
334701407
334798988
334916719
334964479
335118387
335357228
336055917
336065169
336281490
336610441
336822958
336886863
337231514
337278472
337278472
337278472
337317934
337351487
337415161
337519096
338142766
338144911
338251053
338823339
338823339
338824237
339159815
339268508
339276802
339295430
339343970
339350241
339370753
339380049
339384138
339384858
339750665
339915909
340026637
340147771
340151386
340286617
340499234
340524472
340675052
340727798
341225535
341754440
341782602
341917631
341936163
342344630
342495191
342504688
342504688
342615670
342615670
342765262
342851120
342926137
343010732
343454600
343463304
343670030
343696397
343847961
344315499
344367867
344381429
344381429
344494999
344499012
344797462
344822762
344846709
344951994
344976056
345545306
345774680
345977248
346283438
346326940
346400103
346400103
346400103
346400103
346588846
346677167
346699043
346865486
346905235
346936748
347029402
347031665
347225999
347578913
347636338
347643954
347646706
347760615
347871331
347913955
347919298
348036835
348067382
348165171
348165171
348225692
348481814
348550450
348567514
348632118
348758948
348871483
348905696
349132861
349137041
349140262
349169956
349200309
349264540
349285730
349351720
349881864
350311487
350392497
350545668
350643020
351013859
351089942
351285629
351310295
351433235
351750077
351944739
352026539
352344365
352507066
352534161
352544949
352578323
352626704
352771234
352864817
353155345
353155345
353155345
353189828
353313943
353369669
353390221
353573125
353804767
353844012
353956468
354122191
354212128
354436946
354436946
354611213
354652616
354700701
354718266
354726996
354726996
354726996
355043141
355653919
355842287
355948915
355948915
356254171
356289240
356373835
356482848
356638079
356652628
356697720
356791569
357007795
357272688
357540358
357597318
357597318
357597318
357708816
357730179
357814094
358215608
358316387
358341113
358909844
358919820
358968720
359101059
359241698
359420019
359506387
359506387
359506671
359534745
359677714
359682106
359756450
359790240
359830126
359926670
359960617
360117447
360189348
360255265
360382948
360556091
360770503
360804558
360804558
360900436
360990169
361052323
361233683
361318438
361377554
361462445
361613716
361635242
361635242
361635242
361635242
361635242
361635242
361635242
361645354
361685135
362177563
362200622
362208729
362859223
363103265
363180057
363253786
363332625
363332625
363332625
363332625
363332625
363448248
363474952
363588799
364102264
364339128
364387203
364459096
364475656
364490311
364549298
364604938
364845268
364940251
364940977
364941379
364954328
365054435
365080475
365166195
365255020
365710641
365803858
365883913
366274951
366326857
366348804
366443946
366718843
366724099
366754693
366772373
366875618
367272584
367381635
367535930
367921670
367923270
367933728
367938905
368187242
368467438
368617207
368711787
368720075
368984853
369177931
369547367
369555118
369717437
369730539
369807062
369882039
370406231
370421953
370447929
370456517
370464247
370527890
370538358
370559381
370788256
370946329
370969896
371082821
371258516
371560857
371639780
371662859
372088741
372102045
372108074
372108971
372438956
372457873
372471321
372506647
372523313
372634926
372638540
372671496
372857303
372919014
372950153
373027244
373031004
373074772
373714070
373780462
373995143
374108957
374141775
374161264
374637630
374759232
374801542
374823264
375250912
375250912
375296629
375311915
375380158
375433100
375971147
376396094
376419398
376601848
376777820
376825772
376876741
377034555
377080777
377155496
377155496
377486810
377522393
377522393
377567992
377617073
377633892
377650124
377654753
377655144
377682023
377682023
377764603
377830028
378100828
378100940
378274178
378359009
378614071
378626931
378626931
378676899
378684309
378687930
378842285
378845868
378966668
379194634
379253524
379288900
379305921
379305921
379581519
379591332
379789366
379894194
380297925
380457323
380464804
380507862
380509246
380567317
380567317
380622665
380648391
380696105
380696105
380699147
381167780
381167780
381199644
381199644
381270826
381274230
381276670
381277899
381282956
381567931
381570313
381626325
381626325
381674338
381957689
382174578
382282815
382283537
382472564
382747578
382765220
382989588
383825490
383874395
384021999
384111246
384153781
384543211
384561980
384562733
384563529
384564251
384651426
384678801
384709619
384864092
384864092
384967941
384972223
385108069
385668482
385674101
385749293
386054907
386249001
386826115
386870219
387130397
387165816
387165816
387165816
387165816
387964388
388472086
388663726
388663726
388663726
388698253
388927344
389245010
389547044
389644567
389653222
389696614
389707789
389749463
389749463
389749463
389812265
389876347
389897849
389921049
390237205
390315179
390402363
390422486
390468273
390560751
390783395
390783395
390829339
390885673
390935619
390990332
391505569
391738024
391838491
391838491
391838491
391972801
392083986
392189191
392243399
392615104
392758213
392951978
393088382
393465341
393470224
393541545
393791322
394451084
394539609
394686348
394792694
394814084
394856452
394856452
394874832
394893155
395028543
395146361
395449590
395475867
396805619
396875660
396901636
396910092
396914890
397739176
397782595
397789993
397789993
398348789
398348789
398348789
398431656
398998176
399121152
400246723
400294732
400496743
400516003
400946141
401020729
401705523
402129384
402253006
402472128
402500350
402500350
402581377
402882584
402935722
402965223
403040918
403044152
403082697
403120575
403444485
403447748
403517768
403594921
404308599
404351075
404351075
404359546
404511774
404648966
405064367
405242097
406694740
406694740
406712279
406781769
406781769
407169893
407485466
407948166
407995858
408015678
408154189
408204060
408629857
408667876
408668041
409001957
409015109
409016378
409182789
409186280
409286072
409333766
409417557
409440889
409660373
410061420
410205314
410232917
410315573
410411549
410821705
411237232
411915173
411992838
411992838
411992838
411992838
412000258
412236051
412400154
412422879
412446760
412446760
412446760
412446760
412469106
412701641
412701641
412739619
412739619
413207988
413395584
413402375
413463600
414214168
414287962
414308556
414434832
414434832
414434832
414439410
414511182
414523188
414526236
414875782
414964693
415003146
415035046
415186334
415205790
415314596
415748617
415760947
416453347
416527182
417348522
417787415
418015548
418015548
418236508
418399860
418473916
418530579
419062119
419220040
419220040
419408382
419602069
419675363
419893737
419961236
420002082
420013511
420013511
420013511
420063948
420064052
420097163
420097163
420097163
420167643
420340541
420677618
421212774
421236139
421374541
422095238
422145130
422333709
423025402
423084586
423116425
423517708
423794763
423820928
423820928
423938331
423949720
424417469
424463368
424560982
424676264
424802094
424896639
425188186
425315055
425989464
425989464
426152393
426673082
426740011
426752290
426786022
426825348
426952059
426974094
427682101
427778949
428015858
428520260
428741711
428742804
428939818
429118924
429155754
429177367
429255227
429353642
429408910
429408910
429408910
429408910
429408910
429489576
429571965
429924405
430015371
430130707
430234596
430384027
430452430
430542765
430771509
430950484
431156578
431610575
431786704
431815327
431815327
432028346
432152570
432152570
432241108
432518513
432918274
433061979
433138290
434082065
434420092
434458554
434590047
434600424
435073516
435203735
435228130
435317976
436268054
436290721
436290721
436430236
436619899
436992190
437017179
437024964
437299111
437860911
437942168
439485083
440008992
441111433
441439527
441534588
441690873
441932441
442860021
443018288
443056116
443196954
443353293
443829696
443954377
443983539
444449053
444497730
444507293
446368895
446524309
446714440
447428810
447714383
448215234
448287817
448375793
448375793
448419729
448566097
448932494
449176870
449211178
449451443
449593062
449847865
450094523
450172066
450187241
450359578
450593749
450767322
450783502
451117111
451227214
451269166
451470285
451609430
451813918
452305308
452596616
452658653
453215027
453480707
453562722
453981380
454129156
454253314
454278334
454346036
454464050
454495169
454513022
454570332
454690134
454882580
455030333
455063909
455189373
455257258
455542111
455609463
455609463
455609463
456050896
456124980
456273642
456383078
456519109
457235163
457838433
458362363
459337170
459519296
459871260
459874359
459874359
459874359
460283557
460327082
460327908
460344527
460411175
460454014
460608148
460699174
460699174
460737415
460746976
460829581
461402129
461405790
461708889
461804603
462064196
462125905
462148513
462400613
462439961
462471311
462492014
462510213
462686765
462686765
462686765
462686765
462715741
463169100
463307984
463487583
463908357
464156463
464185423
464468866
464518400
465473478
465707910
465790990
465910462
466085457
466479854
466490811
466583575
466583575
466766386
466930686
467077753
467156722
467628297
467654520
468012755
468035321
468630123
468652795
468700532
468785704
468815333
468892793
469027204
469112680
469489251
469552014
469575942
469660239
470005955
470291886
470305315
470352311
470558817
470773241
471348220
471348220
471360839
471608122
471608122
472176036
472507456
472542318
472741120
473010742
473191156
473241158
473259185
473264931
473273379
473453088
473645705
474099798
474239009
474507811
475104237
475236536
475238207
475268464
475394269
475455453
475492001
475533432
475981028
475981433
476058519
476176809
476361109
477226276
477226276
477274208
477485971
478127577
478322179
478729027
478797679
478880786
478968347
479074849
479169704
479749203
479929566
479989010
480456033
480682008
480692071
480921510
481462873
481607561
481792656
482600878
482600878
482685887
482717963
483567705
485275817
485325374
485809756
485809756
485829780
485890843
485923433
485938414
486293685
486304141
486326054
486792119
487090306
487772941
487899128
488033375
488175103
488787261
488795294
489537433
489815937
489815937
489928683
490034197
491050421
491528329
491853616
492599080
492860129
493003026
493023951
493664722
493845861
493845861
493845861
494215811
494215811
494290837
494348473
494503179
494618714
495090088
495987772
497165021
497564882
497735392
497809068
498182583
498279428
498344893
498558690
499175543
499347636
499352867
499370880
499851505
500268412
500468116
500823022
500848826
500959368
501143851
501150872
501234956
501811244
502087018
502416466
502416466
502416466
502416466
502416466
502416466
502416466
502416466
502590293
503505513
503518393
503707642
504199173
504512259
505961300
505984828
506021557
506059045
507636986
507636986
509009676
509547447
509714384
509850795
510233461
510845561
510953274
512314941
512382142
512604674
513539485
513550784
514693609
514928123
515860580
515870579
515882764
516007016
516201976
516467568
516995421
517235022
517270474
517766272
518014591
518335755
518721963
519048155
519298181
519991938
520650565
521435900
521561220
522706282
522903253
523515519
523515519
523523328
523681845
523681845
523729469
524675937
524738788
525141297
525714053
525897148
526048625
526666175
526894351
526981521
527603327
527861986
529078289
529079074
529544320
529725830
529727409
529776878
530874089
531727873
532538916
532538916
532791390
532929819
533413486
533525084
533575019
533611139
533611139
533786653
534042516
534230946
534432484
534603004
534656722
534738493
534811157
534811157
535017889
536103521
536615125
537660356
537663897
538314145
538368264
538410258
538495977
538495977
538606885
539215948
539298406
539692587
539764726
539764726
539764726
539764726
540377160
540397076
540540603
540946977
541000714
541175487
541276080
541301919
542032457
542402913
543634728
543726566
544453253
544827509
544827509
545176957
545322142
545404327
545593625
545718523
546387599
546502981
546682337
547061410
547152992
547241979
547712171
548032246
548183446
548482340
548625319
548850667
549609965
550437308
550515174
550569373
550791153
551113308
551118963
551429105
551516376
551934731
552062472
552126694
552160880
552180513
552306577
552338503
552730583
552784397
553052154
554686720
554858596
555269919
555305907
555498992
555802906
555973727
556240482
556280108
556388341
556834069
557078818
557303662
557367471
557386884
557409399
557444876
557558036
557664259
557820368
557864513
557957697
558055018
558082644
558467602
558761221
559270662
560064303
560064303
560120614
560127000
560473376
560634950
560956980
561127256
561257478
561361231
561376286
561524285
561563407
561719269
561826635
561934954
562389922
562391974
562392874
562452268
562468493
562483476
562590943
562801560
563135283
563235519
563340573
564977667
565024475
565190156
565190156
565546718
565711011
565800583
565862243
565873886
566427134
566565515
566731611
566754799
566923400
566994355
567513354
567625572
567676863
567803023
568344445
568403176
568408334
568699446
569452971
569452971
570188815
570251820
570448179
570465064
571221947
571972286
572087260
572237089
572311732
573951401
573951401
573991677
574060877
574516676
574574783
574865539
574916104
575221499
575606549
575946984
576322925
576441231
576469183
576507199
577043167
577240855
577276075
577515912
577515912
577515912
577634030
577664570
578324209
578476602
578618581
579493061
579848435
580423541
580554160
581940701
581968926
582158420
582664641
582946684
584026246
584041182
584077240
584164599
585221288
585340188
585402716
585878660
586560887
586560887
586754128
586999249
587056423
587071338
587631571
587800552
587981220
588504243
588532316
588685936
588741608
589303184
589598493
590282008
592204398
592776268
593154480
593162145
593286883
593487148
593487148
593489657
593820410
593925019
593945840
593945840
593970963
594129657
594132101
594132101
594339392
594726854
594750148
594775722
594775722
594875346
594900966
594973274
595000568
595976977
596350571
596853817
597568925
598021086
599403752
599502512
599536455
600089186
600147107
600173327
600254694
600355697
600453984
601411989
601988785
602052001
602197736
602197814
602276099
602610774
603248667
603428389
603762057
604246939
604538050
604847734
605080893
605083326
605087488
605250483
605347520
605720830
605726582
605756115
606014801
606027143
606492177
606735739
606839606
606844196
607462056
607922632
607924935
608286855
608317796
608342429
608580963
608652783
609244790
609371696
610422181
610849378
611636995
611816893
611934920
612002308
612028735
612028735
612033707
612300367
612928763
613307633
613747931
613898981
613915468
614568232
614641006
614792325
614855223
614901119
615234773
615242598
615585661
615798829
616324140
616361407
616415379
616530244
616612542
617564335
617712849
617806278
617949639
618775323
618923757
619289912
619342644
619730627
619793532
620160821
620212478
620392513
620483989
621275926
621482273
621841059
621913144
622106086
622398498
622533582
622744751
622955984
623072188
623298639
623359056
624207758
624821580
624946071
624947768
625105133
625192424
625700338
625796101
625872617
625993104
626077044
626077044
626153872
626582318
626591413
626636188
626871683
626900774
627115574
627122655
627558349
627723607
627768244
627793170
628008289
628390623
628500901
628574857
629015242
629741517
630744208
631269055
631540211
631768106
632292632
632927935
633080977
634025363
634149946
634489324
634714735
635845302
636665894
636691096
636736297
637080193
637265859
637320416
637354210
637363708
700308374
700410385
700479078
700501333
700604365
700652862
700667467
700708310
700737937
700798160
701400241
701613282
701752446
701894946
704602754
705746371
705746371
707665260
707756456
707977676
708126715
710456622
710886757
712859240
713233460
713482016
713566574
713684586
714418874
714702271
715320775
715616628
717019668
718443043
718737450
718839522
719727494
720244394
720426414
721070526
722451763
723360925
724736581
726799861
727001288
727001348
728651054
728711132
728711132
729575016
729652202
730213854
730899666
730941888
731295067
731753910
732975224
733580185
733580185
733580185
733656542
734010246
734832048
735678930
737330864
737330864
737578652
737666707
737868996
740860639
741496896
743511902
743929482
745349192
745792944
746631697
747302438
747588596
747625579
747695804
748204627
749940278
750169166
752252869
752270336
754362174
754397551
756088039
756502387
758221026
758221026
758221026
758221026
758221026
760620630
760648790
762589236
763672748
764643128
764643128
765210962
766729728
768522601
768813919
768889471
769596337
769797216
770643500
770765695
771779820
772762129
772800476
772830140
773745967
773745967
773760726
775088634
776435851
778503037
778683925
779594400
780960698
781587716
781903578
783627122
785343374
785629368
787437217
787745407
790289030
791122699
792192872
792578774
793109449
793109449
793109449
793109449
793109449
793109449
793109449
794690365
794707098
794985068
796669136
796831158
800819977
800903246
802312116
803260747
803347327
803631228
804377893
805411585
809090491
809282305
811915226
816003648
816013615
816277926
817937046
818575273
819665923
819732384
819899342
821738016
821738016
822232477
823452468
829752962
829945670
831691489
831871902
832232582
832533020
833687234
833826054
834107635
834294781
834440929
835930657
836444870
836964750
838703232
843760724
846234414
846449484
847162106
847443444
847445454
847906616
847973610
849568956
851057676
852144918
852264170
853543825
855205896
855348020
855418933
856785445
856985598
857011056
858754519
858754519
858754519
858820291
858940194
860237030
860862481
860976338
861008822
862399238
862549555
863278796
863460206
865222711
865659308
865681866
866771737
866771737
866771737
867371544
867910898
868924974
868990440
869661794
870320281
870717787
870852630
870862777
871516489
872375696
872633418
873809978
875908717
876061483
876727807
877037460
878052138
878100662
878144377
878246840
878376542
878509302
878673146
878832456
878862324
878864424
879149706
879150018
879167791
879448351
879566406
879636139
880385990
880386272
880435956
880705638
880972741
882618451
882620496
882879788
883223995
883547899
884725146
884773098
884890440
884947717
885163843
885796206
887305296
887313392
887638770
887760240
890165948
890165948
890165948
890231882
891394604
891961982
893972857
894460868
894744534
897835201
900148754
900222031
903223867
904340144
904812480
905197452
905197452
906397434
906654408
907063056
907284414
909078594
909346190
912843499
912956377
914156708
915049489
915529556
920516192
921866438
923567515
923698148
926155998
926567558
928918717
930814820
931377846
931377846
931377846
931377846
931377846
931377846
931377846
932755722
933312770
933562502
934790676
935190542
935512411
935761920
936027486
938413938
939870756
940090507
940472203
942238495
942321098
942341347
942850693
944079648
944304756
944938837
946153561
946153561
948103568
948404005
948449707
948609354
950006700
950417000
950622800
952025646
961124977
961180050
961269895
961269895
961269895
961269895
961269895
962961085
964877868
965635764
966420877
967280496
969095000
970996464
972670518
973208281
974055632
976222350
976223479
979660741
980754055
983491357
983491357
987470748
987500557
987632430
987632430
990204494
990433260
995308723
995939629
995962603
995962603
995962603
996935060
1005099949
1005167024
1005323148
1007248334
1007265901
1007969036
1008834223
1009407542
1010254674
1011624386
1011720932
1013950146
1014329677
1016290567
1016317502
1016535558
1020137372
1020257802
1020644305
1022646936
1022772919
1022772919
1023188252
1023367400
1024452979
1024530008
1024684004
1026495104
1026616154
1026908292
1029711078
1029732896
1032791616
1034303006
1037768406
1038768114
1039165002
1040912947
1041097316
1041464894
1042575787
1042626684
1043713999
1043923568
1045756074
1046205913
1054211287
1054436527
1056235112
1058469684
1059093049
1059410822
1060956932
1061974890
1064625349
1067254866
1068281456
1068693134
1069318441
1075125896
1076093941
1077965912
1077972900
1078246159
1078794552
1081432339
1083805130
1083805130
1084168998
1084379414
1084982887
1089458276
1090608919
1092620515
1092703086
1093652971
1094103799
1099341180
1099461420
1099685588
1100236291
1100326352
1102647218
1107823141
1109140938
1109491316
1110748375
1112389286
1112559380
1112559380
1112559380
1112559380
1112816418
1112955324
1113082056
1115865878
1119934105
1120266468
1123100964
1126573082
1128906782
1129527523
1133006838
1134539784
1134899737
1135389726
1135506474
1136230884
1138120446
1138573454
1139532750
1141178096
1141332007
1146556536
1146928435
1148578688
1151144850
1152073537
1152767720
1152858840
1153275576
1154692086
1154726880
1154735540
1155464666
1156074884
1158999696
1160228491
1162571708
1163854339
1165667648
1166616038
1166916079
1167576384
1168863655
1169769480
1170606865
1170988921
1170988921
1170988921
1170988921
1171413055
1177046204
1179715081
1179866978
1183353536
1184109907
1184198144
1187039305
1191955214
1194895520
1195186602
1195990980
1201997779
1206822842
1208708276
1209879902
1210221810
1210826118
1212244471
1217237442
1225186405
1228083427
1228201638
1229214919
1230081008
1239477859
1239813841
1239813841
1244299368
1245119384
1245214526
1249406359
1250181931
1251775279
1257875544
1258058226
1258192434
1258207482
1258208106
1258214347
1258232461
1258453777
1258479553
1259871722
1260304657
1260304657
1260748579
1260961404
1261725708
1262374052
1262919638
1262922110
1263346346
1264872054
1264972615
1264987543
1264987543
1264987543
1268738712
1269562790
1270767080
1271418032
1276414848
1278559489
1278562524
1278573517
1278584065
1278585973
1278587990
1278614263
1281737155
1282205352
1283643139
1285248920
1285333279
1286835938
1286835938
1287889261
1287950438
1288970690
1289353159
1289647712
1296855499
1298521975
1299845971
1300050541
1301271666
1301292974
1301532054
1305415520
1305491684
1306792706
1308868843
1311000528
1317522258
1317522258
1321747375
1322877624
1325144480
1325440028
1325869260
1326178688
1326197558
1326217922
1328243240
1330521386
1332223040
1334591167
1334591167
1335404130
1339848091
1340123226
1340225462
1340381984
1340437928
1342227463
1342227463
1342227463
1342227463
1342395072
1343220426
1344998534
1345412820
1345412820
1345581336
1345584961
1345935762
1347531876
1350937494
1351097791
1351120987
1354330416
1354365289
1354366604
1354524481
1354778256
1355220786
1356082735
1356111019
1357824817
1362566714
1363114465
1365424933
1368191472
1368421664
1368452191
1368452191
1368452191
1372441927
1372441927
1373162706
1373618756
1373618756
1373741088
1375483057
1375653714
1380352568
1380586705
1382285330
1382285330
1383034986
1383182100
1385311297
1385541668
1386012097
1386561366
1389695510
1391028091
1394641855
1394641855
1394641855
1394706926
1394706926
1398475292
1398841393
1399007954
1401384361
1401618060
1405241623
1406578796
1408707565
1411313912
1412072946
1413659366
1419453782
1421176484
1422607129
1423870927
1424521914
1425469417
1425849612
1429310586
1432114224
1433391614
1436973128
1441791828
1444233415
1444939471
1445087040
1445277589
1446479840
1447187419
1447376179
1447386824
1447877774
1449725617
1452221456
1452300338
1452454242
1457218988
1458898699
1465209068
1465821289
1466496007
1467358148
1467828236
1472516299
1473408972
1478551512
1478985996
1480554432
1484096048
1485841634
1487891820
1489202887
1491015277
1491085525
1491789888
1495767829
1496474750
1497235140
1498800145
1507444344
1508089950
1511669364
1511724704
1517435816
1517739566
1519316882
1520694481
1521087049
1521545472
1527638484
1529030304
1531147446
1535846502
1537059392
1537399094
1537773733
1539642696
1541941344
1541974520
1548952441
1549590102
1554527011
1556642479
1557118202
1563815839
1566330408
1569804468
1570931029
1571648941
1578795752
1578795752
1578971108
1583095628
1583394066
1583804923
1584289386
1586981064
1588532401
1591744566
1596271159
1599969084
1600073892
1600476956
1601975534
1604101051
1608774066
1609265221
1609265221
1613438024
1621397796
1623617244
1623617244
1623617244
1629464450
1631384214
1631684311
1636310234
1636742881
1636955240
1640941831
1643153886
1646306972
1650565838
1651368667
1653149653
1653851557
1654392992
1656921236
1658620680
1658620680
1663888982
1664331938
1665796022
1665855626
1666080979
1666215559
1671245646
1674186139
1674547088
1675759957
1676054462
1676546646
1683259820
1685871648
1688392153
1689258265
1689258265
1689258265
1689858403
1696381651
1697063850
1697142858
1700739408
1705468196
1705628700
1710833568
1712808120
1716486589
1719257760
1722872304
1725313897
1726196785
1727091007
1727244637
1727324996
1730493733
1731025255
1732816273
1735856809
1736914009
1737392606
1761658471
1768269517
1782353252
1826515296
1849135069
1850218860
1852737673
1852737673
1852737673
1854947270
1855505388
1855568899
1856158442
1858075608
1858148118
1858311458
1865776873
1870159214
1872649999
1877972432
1883122332
1883316002
1884223464
1886680921
1886811943
1888308211
1889666718
1894572426
1896783044
1905200870
1905222061
1909504730
1911491594
1912658972
1912802347
1918897560
1925272062
1925527207
1925812208
1928952799
1932339312
1934847630
1936004964
1941313039
1945713606
